File name = B7_c.csv
Profile viewing = Raw
Y axis uint = nm
Total data = 2048
Xaxis Data , Yaxis Data 
0.000000e+000, 4.171502e+002
9.765517e+000, 4.166670e+002
1.953103e+001, 4.187015e+002
2.929655e+001, 4.195153e+002
3.906207e+001, 4.208377e+002
4.882759e+001, 4.221347e+002
5.859310e+001, 4.236860e+002
6.835862e+001, 4.253136e+002
7.812414e+001, 4.257460e+002
8.788965e+001, 4.261529e+002
9.765517e+001, 4.268395e+002
1.074207e+002, 4.277805e+002
1.171862e+002, 4.297895e+002
1.269517e+002, 4.310865e+002
1.367172e+002, 4.326378e+002
1.464828e+002, 4.334516e+002
1.562483e+002, 4.338585e+002
1.660138e+002, 4.342909e+002
1.757793e+002, 4.355116e+002
1.855448e+002, 4.366560e+002
1.953103e+002, 4.375207e+002
2.050759e+002, 4.390465e+002
2.148414e+002, 4.403690e+002
2.246069e+002, 4.414879e+002
2.343724e+002, 4.415897e+002
2.441379e+002, 4.416151e+002
2.539034e+002, 4.428358e+002
2.636690e+002, 4.448703e+002
2.734345e+002, 4.468794e+002
2.832000e+002, 4.477186e+002
2.929655e+002, 4.481001e+002
3.027310e+002, 4.481255e+002
3.124965e+002, 4.485324e+002
3.222621e+002, 4.501600e+002
3.320276e+002, 4.521945e+002
3.417931e+002, 4.538221e+002
3.515586e+002, 4.546359e+002
3.613241e+002, 4.546359e+002
3.710897e+002, 4.546359e+002
3.808552e+002, 4.558567e+002
3.906207e+002, 4.570774e+002
4.003862e+002, 4.585778e+002
4.101517e+002, 4.578657e+002
4.199172e+002, 4.546359e+002
4.296828e+002, 4.546359e+002
4.394483e+002, 4.556532e+002
4.492138e+002, 4.571282e+002
4.589793e+002, 4.585778e+002
4.687448e+002, 4.590864e+002
4.785103e+002, 4.591119e+002
4.882759e+002, 4.593916e+002
4.980414e+002, 4.599002e+002
5.078069e+002, 4.610192e+002
5.175724e+002, 4.621636e+002
5.273379e+002, 4.631809e+002
5.371034e+002, 4.635623e+002
5.468690e+002, 4.635878e+002
5.566345e+002, 4.635878e+002
5.664000e+002, 4.642744e+002
5.761655e+002, 4.648085e+002
5.859310e+002, 4.660038e+002
5.956965e+002, 4.664107e+002
6.054621e+002, 4.664107e+002
6.152276e+002, 4.664107e+002
6.249931e+002, 4.668176e+002
6.347586e+002, 4.676568e+002
6.445241e+002, 4.684452e+002
6.542896e+002, 4.691572e+002
6.640552e+002, 4.691572e+002
6.738207e+002, 4.684706e+002
6.835862e+002, 4.683434e+002
6.933517e+002, 4.684452e+002
7.031172e+002, 4.684452e+002
7.128828e+002, 4.686740e+002
7.226483e+002, 4.688775e+002
7.324138e+002, 4.691572e+002
7.421793e+002, 4.688775e+002
7.519448e+002, 4.688775e+002
7.617103e+002, 4.691572e+002
7.714759e+002, 4.696659e+002
7.812414e+002, 4.699710e+002
7.910069e+002, 4.696659e+002
8.007724e+002, 4.691572e+002
8.105379e+002, 4.685215e+002
8.203034e+002, 4.691572e+002
8.300690e+002, 4.692844e+002
8.398345e+002, 4.699710e+002
8.496000e+002, 4.692844e+002
8.593655e+002, 4.691572e+002
8.691310e+002, 4.685215e+002
8.788965e+002, 4.688775e+002
8.886621e+002, 4.692844e+002
8.984276e+002, 4.692844e+002
9.081931e+002, 4.685215e+002
9.179586e+002, 4.683434e+002
9.277241e+002, 4.676568e+002
9.374896e+002, 4.676314e+002
9.472552e+002, 4.675296e+002
9.570207e+002, 4.672245e+002
9.667862e+002, 4.668938e+002
9.765517e+002, 4.668176e+002
9.863172e+002, 4.664107e+002
9.960828e+002, 4.659020e+002
1.005848e+003, 4.652154e+002
1.015614e+003, 4.648085e+002
1.025379e+003, 4.644016e+002
1.035145e+003, 4.644016e+002
1.044910e+003, 4.644016e+002
1.054676e+003, 4.642744e+002
1.064441e+003, 4.634606e+002
1.074207e+003, 4.619602e+002
1.083972e+003, 4.611464e+002
1.093738e+003, 4.610192e+002
1.103503e+003, 4.610192e+002
1.113269e+003, 4.607140e+002
1.123034e+003, 4.603071e+002
1.132800e+003, 4.589084e+002
1.142566e+003, 4.570774e+002
1.152331e+003, 4.554243e+002
1.162097e+003, 4.550428e+002
1.171862e+003, 4.546359e+002
1.181628e+003, 4.550174e+002
1.191393e+003, 4.546105e+002
1.201159e+003, 4.536950e+002
1.210924e+003, 4.517622e+002
1.220690e+003, 4.504398e+002
1.230455e+003, 4.491428e+002
1.240221e+003, 4.485070e+002
1.249986e+003, 4.479984e+002
1.259752e+003, 4.473117e+002
1.269517e+003, 4.468794e+002
1.279283e+003, 4.452772e+002
1.289048e+003, 4.436496e+002
1.298814e+003, 4.423017e+002
1.308579e+003, 4.411828e+002
1.318345e+003, 4.403690e+002
1.328110e+003, 4.398603e+002
1.337876e+003, 4.390465e+002
1.347641e+003, 4.379530e+002
1.357407e+003, 4.367323e+002
1.367172e+003, 4.358931e+002
1.376938e+003, 4.349775e+002
1.386703e+003, 4.334516e+002
1.396469e+003, 4.325361e+002
1.406234e+003, 4.318240e+002
1.416000e+003, 4.310357e+002
1.425766e+003, 4.302219e+002
1.435531e+003, 4.293826e+002
1.445297e+003, 4.281619e+002
1.455062e+003, 4.269412e+002
1.464828e+003, 4.257460e+002
1.474593e+003, 4.253136e+002
1.484359e+003, 4.252119e+002
1.494124e+003, 4.245761e+002
1.503890e+003, 4.235843e+002
1.513655e+003, 4.213209e+002
1.523421e+003, 4.195153e+002
1.533186e+003, 4.188032e+002
1.542952e+003, 4.183963e+002
1.552717e+003, 4.178877e+002
1.562483e+003, 4.170739e+002
1.572248e+003, 4.159803e+002
1.582014e+003, 4.147342e+002
1.591779e+003, 4.133355e+002
1.601545e+003, 4.123182e+002
1.611310e+003, 4.121911e+002
1.621076e+003, 4.119113e+002
1.630841e+003, 4.114790e+002
1.640607e+003, 4.106652e+002
1.650372e+003, 4.094699e+002
1.660138e+003, 4.082492e+002
1.669903e+003, 4.077151e+002
1.679669e+003, 4.066216e+002
1.689434e+003, 4.056806e+002
1.699200e+003, 4.041802e+002
1.708966e+003, 4.032392e+002
1.718731e+003, 4.029340e+002
1.728497e+003, 4.029595e+002
1.738262e+003, 4.025526e+002
1.748028e+003, 4.017133e+002
1.757793e+003, 4.001112e+002
1.767559e+003, 3.992719e+002
1.777324e+003, 3.984836e+002
1.787090e+003, 3.976698e+002
1.796855e+003, 3.960422e+002
1.806621e+003, 3.915662e+002
1.816386e+003, 3.907524e+002
1.826152e+003, 3.897352e+002
1.835917e+003, 3.882856e+002
1.845683e+003, 3.869632e+002
1.855448e+003, 3.862765e+002
1.865214e+003, 3.858696e+002
1.874979e+003, 3.850558e+002
1.884745e+003, 3.845218e+002
1.894510e+003, 3.837080e+002
1.904276e+003, 3.830213e+002
1.914041e+003, 3.822075e+002
1.923807e+003, 3.818006e+002
1.933572e+003, 3.813683e+002
1.943338e+003, 3.807834e+002
1.953103e+003, 3.797661e+002
1.962869e+003, 3.789269e+002
1.972634e+003, 3.781385e+002
1.982400e+003, 3.775281e+002
1.992166e+003, 3.773247e+002
2.001931e+003, 3.772993e+002
2.011697e+003, 3.771975e+002
2.021462e+003, 3.765618e+002
2.031228e+003, 3.761040e+002
2.040993e+003, 3.752648e+002
2.050759e+003, 3.747561e+002
2.060524e+003, 3.744510e+002
2.070290e+003, 3.747561e+002
2.080055e+003, 3.744764e+002
2.089821e+003, 3.744510e+002
2.099586e+003, 3.742729e+002
2.109352e+003, 3.739423e+002
2.119117e+003, 3.736626e+002
2.128883e+003, 3.740441e+002
2.138648e+003, 3.742729e+002
2.148414e+003, 3.740695e+002
2.158179e+003, 3.739423e+002
2.167945e+003, 3.739423e+002
2.177710e+003, 3.740695e+002
2.187476e+003, 3.748833e+002
2.197241e+003, 3.755699e+002
2.207007e+003, 3.756717e+002
2.216772e+003, 3.756717e+002
2.226538e+003, 3.756717e+002
2.236303e+003, 3.763837e+002
2.246069e+003, 3.768924e+002
2.255834e+003, 3.773756e+002
2.265600e+003, 3.780113e+002
2.275365e+003, 3.781385e+002
2.285131e+003, 3.781385e+002
2.294897e+003, 3.781131e+002
2.304662e+003, 3.781385e+002
2.314428e+003, 3.785454e+002
2.324193e+003, 3.793592e+002
2.333959e+003, 3.801730e+002
2.343724e+003, 3.805799e+002
2.353490e+003, 3.812665e+002
2.363255e+003, 3.809868e+002
2.373021e+003, 3.805799e+002
2.382786e+003, 3.809614e+002
2.392552e+003, 3.817752e+002
2.402317e+003, 3.822584e+002
2.412083e+003, 3.829959e+002
2.421848e+003, 3.830213e+002
2.431614e+003, 3.826144e+002
2.441379e+003, 3.822075e+002
2.451145e+003, 3.824110e+002
2.460910e+003, 3.834282e+002
2.470676e+003, 3.845726e+002
2.480441e+003, 3.850558e+002
2.490207e+003, 3.848524e+002
2.499972e+003, 3.845218e+002
2.509738e+003, 3.845218e+002
2.519503e+003, 3.846489e+002
2.529269e+003, 3.854373e+002
2.539034e+003, 3.858696e+002
2.548800e+003, 3.862511e+002
2.558565e+003, 3.862765e+002
2.568331e+003, 3.861494e+002
2.578097e+003, 3.861494e+002
2.587862e+003, 3.862765e+002
2.597628e+003, 3.870649e+002
2.607393e+003, 3.870903e+002
2.617159e+003, 3.870649e+002
2.626924e+003, 3.872938e+002
2.636690e+003, 3.878787e+002
2.646455e+003, 3.877770e+002
2.656221e+003, 3.872938e+002
2.665986e+003, 3.877770e+002
2.675752e+003, 3.879041e+002
2.685517e+003, 3.886925e+002
2.695283e+003, 3.887179e+002
2.705048e+003, 3.887179e+002
2.714814e+003, 3.886925e+002
2.724579e+003, 3.887179e+002
2.734345e+003, 3.894046e+002
2.744110e+003, 3.899132e+002
2.753876e+003, 3.903201e+002
2.763641e+003, 3.903201e+002
2.773407e+003, 3.903455e+002
2.783172e+003, 3.907524e+002
2.792938e+003, 3.915408e+002
2.802703e+003, 3.919477e+002
2.812469e+003, 3.923800e+002
2.822234e+003, 3.927869e+002
2.832000e+003, 3.927869e+002
2.841765e+003, 3.927869e+002
2.851531e+003, 3.934736e+002
2.861297e+003, 3.938042e+002
2.871062e+003, 3.944145e+002
2.880828e+003, 3.954318e+002
2.890593e+003, 3.960167e+002
2.900359e+003, 3.960422e+002
2.910124e+003, 3.960930e+002
2.919890e+003, 3.975426e+002
2.929655e+003, 3.992719e+002
2.939421e+003, 4.001620e+002
2.949186e+003, 4.009250e+002
2.958952e+003, 4.016116e+002
2.968717e+003, 4.013319e+002
2.978483e+003, 4.017133e+002
2.988248e+003, 4.025526e+002
2.998014e+003, 4.042310e+002
3.007779e+003, 4.058078e+002
3.017545e+003, 4.068250e+002
3.027310e+003, 4.074100e+002
3.037076e+003, 4.074100e+002
3.046841e+003, 4.078169e+002
3.056607e+003, 4.086561e+002
3.066372e+003, 4.097496e+002
3.076138e+003, 4.115044e+002
3.085903e+003, 4.133355e+002
3.095669e+003, 4.139458e+002
3.105434e+003, 4.138187e+002
3.115200e+003, 4.139204e+002
3.124965e+003, 4.151411e+002
3.134731e+003, 4.172265e+002
3.144497e+003, 4.192355e+002
3.154262e+003, 4.205071e+002
3.164028e+003, 4.212700e+002
3.173793e+003, 4.212700e+002
3.183559e+003, 4.216769e+002
3.193324e+003, 4.224653e+002
3.203090e+003, 4.231011e+002
3.212855e+003, 4.219567e+002
3.222621e+003, 4.236860e+002
3.232386e+003, 4.244998e+002
3.242152e+003, 4.241183e+002
3.251917e+003, 4.243981e+002
3.261683e+003, 4.257205e+002
3.271448e+003, 4.276533e+002
3.281214e+003, 4.294081e+002
3.290979e+003, 4.310357e+002
3.300745e+003, 4.318495e+002
3.310510e+003, 4.321292e+002
3.320276e+003, 4.322564e+002
3.330041e+003, 4.328667e+002
3.339807e+003, 4.342909e+002
3.349572e+003, 4.367323e+002
3.359338e+003, 4.387668e+002
3.369103e+003, 4.398603e+002
3.378869e+003, 4.398603e+002
3.388634e+003, 4.398603e+002
3.398400e+003, 4.400384e+002
3.408165e+003, 4.418948e+002
3.417931e+003, 4.440311e+002
3.427697e+003, 4.463708e+002
3.437462e+003, 4.473117e+002
3.447228e+003, 4.481001e+002
3.456993e+003, 4.481255e+002
3.466759e+003, 4.481255e+002
3.476524e+003, 4.491428e+002
3.486290e+003, 4.509738e+002
3.496055e+003, 4.530083e+002
3.505821e+003, 4.545088e+002
3.515586e+003, 4.550428e+002
3.525352e+003, 4.553226e+002
3.535117e+003, 4.554243e+002
3.544883e+003, 4.562381e+002
3.554648e+003, 4.578657e+002
3.564414e+003, 4.594933e+002
3.574179e+003, 4.603326e+002
3.583945e+003, 4.610192e+002
3.593710e+003, 4.611209e+002
3.603476e+003, 4.615278e+002
3.613241e+003, 4.619602e+002
3.623007e+003, 4.627740e+002
3.632772e+003, 4.639692e+002
3.642538e+003, 4.647830e+002
3.652303e+003, 4.651899e+002
3.662069e+003, 4.659020e+002
3.671834e+003, 4.660292e+002
3.681600e+003, 4.664361e+002
3.691365e+003, 4.668176e+002
3.701131e+003, 4.675296e+002
3.710897e+003, 4.684452e+002
3.720662e+003, 4.688775e+002
3.730428e+003, 4.692590e+002
3.740193e+003, 4.693353e+002
3.749959e+003, 4.696659e+002
3.759724e+003, 4.696913e+002
3.769490e+003, 4.700728e+002
3.779255e+003, 4.707848e+002
3.789021e+003, 4.713189e+002
3.798786e+003, 4.715986e+002
3.808552e+003, 4.717004e+002
3.818317e+003, 4.717258e+002
3.828083e+003, 4.717258e+002
3.837848e+003, 4.721073e+002
3.847614e+003, 4.724124e+002
3.857379e+003, 4.725396e+002
3.867145e+003, 4.729211e+002
3.876910e+003, 4.725396e+002
3.886676e+003, 4.725142e+002
3.896441e+003, 4.725142e+002
3.906207e+003, 4.725142e+002
3.915972e+003, 4.725396e+002
3.925738e+003, 4.725396e+002
3.935503e+003, 4.725142e+002
3.945269e+003, 4.725396e+002
3.955034e+003, 4.729211e+002
3.964800e+003, 4.725905e+002
3.974565e+003, 4.725396e+002
3.984331e+003, 4.725142e+002
3.994097e+003, 4.724124e+002
4.003862e+003, 4.725142e+002
4.013628e+003, 4.721327e+002
4.023393e+003, 4.717258e+002
4.033159e+003, 4.715986e+002
4.042924e+003, 4.708866e+002
4.052690e+003, 4.704797e+002
4.062455e+003, 4.699710e+002
4.072221e+003, 4.696659e+002
4.081986e+003, 4.700728e+002
4.091752e+003, 4.700982e+002
4.101517e+003, 4.700982e+002
4.111283e+003, 4.696913e+002
4.121048e+003, 4.692844e+002
4.130814e+003, 4.691572e+002
4.140579e+003, 4.683434e+002
4.150345e+003, 4.676314e+002
4.160110e+003, 4.680383e+002
4.169876e+003, 4.683434e+002
4.179641e+003, 4.680637e+002
4.189407e+003, 4.675296e+002
4.199172e+003, 4.660038e+002
4.208938e+003, 4.650882e+002
4.218703e+003, 4.644524e+002
4.228469e+003, 4.648085e+002
4.238234e+003, 4.648085e+002
4.248000e+003, 4.642744e+002
4.257765e+003, 4.635878e+002
4.267531e+003, 4.634606e+002
4.277297e+003, 4.627740e+002
4.287062e+003, 4.626468e+002
4.296828e+003, 4.619347e+002
4.306593e+003, 4.619602e+002
4.316359e+003, 4.626468e+002
4.326124e+003, 4.619602e+002
4.335890e+003, 4.611464e+002
4.345655e+003, 4.599257e+002
4.355421e+003, 4.593916e+002
4.365186e+003, 4.594933e+002
4.374952e+003, 4.593916e+002
4.384717e+003, 4.585778e+002
4.394483e+003, 4.572808e+002
4.404248e+003, 4.562381e+002
4.414014e+003, 4.550428e+002
4.423779e+003, 4.550174e+002
4.433545e+003, 4.550174e+002
4.443310e+003, 4.546359e+002
4.453076e+003, 4.537967e+002
4.462841e+003, 4.528812e+002
4.472607e+003, 4.506178e+002
4.482372e+003, 4.497531e+002
4.492138e+003, 4.489393e+002
4.501903e+003, 4.489139e+002
4.511669e+003, 4.485324e+002
4.521434e+003, 4.477186e+002
4.531200e+003, 4.460910e+002
4.540965e+003, 4.444634e+002
4.550731e+003, 4.432427e+002
4.560497e+003, 4.428104e+002
4.570262e+003, 4.424035e+002
4.580028e+003, 4.415897e+002
4.589793e+003, 4.403944e+002
4.599559e+003, 4.387668e+002
4.609324e+003, 4.367069e+002
4.619090e+003, 4.342654e+002
4.628855e+003, 4.306033e+002
4.638621e+003, 4.302219e+002
4.648386e+003, 4.294589e+002
4.658152e+003, 4.277805e+002
4.667917e+003, 4.257205e+002
4.677683e+003, 4.236860e+002
4.687448e+003, 4.228976e+002
4.697214e+003, 4.228722e+002
4.706979e+003, 4.220838e+002
4.716745e+003, 4.212700e+002
4.726510e+003, 4.204308e+002
4.736276e+003, 4.196170e+002
4.746041e+003, 4.188286e+002
4.755807e+003, 4.180148e+002
4.765572e+003, 4.170739e+002
4.775338e+003, 4.155734e+002
4.785103e+003, 4.151411e+002
4.794869e+003, 4.154463e+002
4.804634e+003, 4.151665e+002
4.814400e+003, 4.146325e+002
4.824165e+003, 4.131320e+002
4.833931e+003, 4.113772e+002
4.843697e+003, 4.098514e+002
4.853462e+003, 4.090630e+002
4.863228e+003, 4.089358e+002
4.872993e+003, 4.082492e+002
4.882759e+003, 4.074354e+002
4.892524e+003, 4.065962e+002
4.902290e+003, 4.054009e+002
4.912055e+003, 4.045617e+002
4.921821e+003, 4.032392e+002
4.931586e+003, 4.025271e+002
4.941352e+003, 4.024254e+002
4.951117e+003, 4.017133e+002
4.960883e+003, 4.007978e+002
4.970648e+003, 3.992974e+002
4.980414e+003, 3.983564e+002
4.990179e+003, 3.968560e+002
4.999945e+003, 3.960167e+002
5.009710e+003, 3.956098e+002
5.019476e+003, 3.948215e+002
5.029241e+003, 3.938042e+002
5.039007e+003, 3.927615e+002
5.048772e+003, 3.913628e+002
5.058538e+003, 3.907524e+002
5.068303e+003, 3.897352e+002
5.078069e+003, 3.891248e+002
5.087834e+003, 3.878787e+002
5.097600e+003, 3.866580e+002
5.107365e+003, 3.854627e+002
5.117131e+003, 3.846489e+002
5.126897e+003, 3.845218e+002
5.136662e+003, 3.845218e+002
5.146428e+003, 3.837080e+002
5.156193e+003, 3.830213e+002
5.165959e+003, 3.826144e+002
5.175724e+003, 3.820804e+002
5.185490e+003, 3.812665e+002
5.195255e+003, 3.804527e+002
5.205021e+003, 3.797407e+002
5.214786e+003, 3.789269e+002
5.224552e+003, 3.785200e+002
5.234317e+003, 3.781131e+002
5.244083e+003, 3.777062e+002
5.253848e+003, 3.772993e+002
5.263614e+003, 3.768924e+002
5.273379e+003, 3.764855e+002
5.283145e+003, 3.757480e+002
5.292910e+003, 3.749341e+002
5.302676e+003, 3.747561e+002
5.312441e+003, 3.742729e+002
5.322207e+003, 3.740695e+002
5.331972e+003, 3.740695e+002
5.341738e+003, 3.740695e+002
5.351503e+003, 3.741203e+002
5.361269e+003, 3.740695e+002
5.371034e+003, 3.740441e+002
5.380800e+003, 3.739423e+002
5.390565e+003, 3.739423e+002
5.400331e+003, 3.740441e+002
5.410097e+003, 3.741203e+002
5.419862e+003, 3.740695e+002
5.429628e+003, 3.740695e+002
5.439393e+003, 3.740695e+002
5.449159e+003, 3.742729e+002
5.458924e+003, 3.747561e+002
5.468690e+003, 3.748579e+002
5.478455e+003, 3.748579e+002
5.488221e+003, 3.744510e+002
5.497986e+003, 3.747561e+002
5.507752e+003, 3.748579e+002
5.517517e+003, 3.752902e+002
5.527283e+003, 3.763837e+002
5.537048e+003, 3.768924e+002
5.546814e+003, 3.769178e+002
5.556579e+003, 3.768924e+002
5.566345e+003, 3.764855e+002
5.576110e+003, 3.765109e+002
5.585876e+003, 3.771975e+002
5.595641e+003, 3.777316e+002
5.605407e+003, 3.785200e+002
5.615172e+003, 3.785454e+002
5.624938e+003, 3.783419e+002
5.634703e+003, 3.781385e+002
5.644469e+003, 3.788251e+002
5.654234e+003, 3.793338e+002
5.664000e+003, 3.797407e+002
5.673765e+003, 3.797661e+002
5.683531e+003, 3.801476e+002
5.693297e+003, 3.799696e+002
5.703062e+003, 3.801730e+002
5.712828e+003, 3.805799e+002
5.722593e+003, 3.806308e+002
5.732359e+003, 3.809868e+002
5.742124e+003, 3.812665e+002
5.751890e+003, 3.812665e+002
5.761655e+003, 3.809614e+002
5.771421e+003, 3.812665e+002
5.781186e+003, 3.813937e+002
5.790952e+003, 3.814446e+002
5.800717e+003, 3.816735e+002
5.810483e+003, 3.817752e+002
5.820248e+003, 3.818006e+002
5.830014e+003, 3.815972e+002
5.839779e+003, 3.815972e+002
5.849545e+003, 3.821821e+002
5.859310e+003, 3.825890e+002
5.869076e+003, 3.829959e+002
5.878841e+003, 3.833011e+002
5.888607e+003, 3.838097e+002
5.898372e+003, 3.834282e+002
5.908138e+003, 3.830213e+002
5.917903e+003, 3.829959e+002
5.927669e+003, 3.837080e+002
5.937434e+003, 3.845726e+002
5.947200e+003, 3.853356e+002
5.956965e+003, 3.854373e+002
5.966731e+003, 3.850304e+002
5.976497e+003, 3.846235e+002
5.986262e+003, 3.850304e+002
5.996028e+003, 3.854627e+002
6.005793e+003, 3.864800e+002
6.015559e+003, 3.870649e+002
6.025324e+003, 3.870649e+002
6.035090e+003, 3.853356e+002
6.044855e+003, 3.813683e+002
6.054621e+003, 3.820804e+002
6.064386e+003, 3.834028e+002
6.074152e+003, 3.845218e+002
6.083917e+003, 3.846489e+002
6.093683e+003, 3.846235e+002
6.103448e+003, 3.845218e+002
6.113214e+003, 3.846489e+002
6.122979e+003, 3.854627e+002
6.132745e+003, 3.866834e+002
6.142510e+003, 3.877770e+002
6.152276e+003, 3.882856e+002
6.162041e+003, 3.883110e+002
6.171807e+003, 3.882856e+002
6.181572e+003, 3.886925e+002
6.191338e+003, 3.895317e+002
6.201103e+003, 3.911339e+002
6.210869e+003, 3.926598e+002
6.220634e+003, 3.935753e+002
6.230400e+003, 3.939822e+002
6.240165e+003, 3.943891e+002
6.249931e+003, 3.952029e+002
6.259697e+003, 3.960930e+002
6.269462e+003, 3.975426e+002
6.279228e+003, 3.986870e+002
6.288993e+003, 3.997043e+002
6.298759e+003, 4.001112e+002
6.308524e+003, 4.007978e+002
6.318290e+003, 4.017133e+002
6.328055e+003, 4.029595e+002
6.337821e+003, 4.048668e+002
6.347586e+003, 4.058078e+002
6.357352e+003, 4.064944e+002
6.367117e+003, 4.066216e+002
6.376883e+003, 4.078169e+002
6.386648e+003, 4.089358e+002
6.396414e+003, 4.098768e+002
6.406179e+003, 4.110975e+002
6.415945e+003, 4.121911e+002
6.425710e+003, 4.130049e+002
6.435476e+003, 4.135389e+002
6.445241e+003, 4.139458e+002
6.455007e+003, 4.147596e+002
6.464772e+003, 4.162601e+002
6.474538e+003, 4.180148e+002
6.484303e+003, 4.196424e+002
6.494069e+003, 4.203291e+002
6.503834e+003, 4.205071e+002
6.513600e+003, 4.212700e+002
6.523365e+003, 4.224907e+002
6.533131e+003, 4.237623e+002
6.542896e+003, 4.252119e+002
6.552662e+003, 4.253899e+002
6.562428e+003, 4.261529e+002
6.572193e+003, 4.270175e+002
6.581959e+003, 4.278059e+002
6.591724e+003, 4.292809e+002
6.601490e+003, 4.309085e+002
6.611255e+003, 4.322564e+002
6.621021e+003, 4.334516e+002
6.630786e+003, 4.342654e+002
6.640552e+003, 4.346723e+002
6.650317e+003, 4.349775e+002
6.660083e+003, 4.351047e+002
6.669848e+003, 4.367069e+002
6.679614e+003, 4.387414e+002
6.689379e+003, 4.414879e+002
6.699145e+003, 4.432173e+002
6.708910e+003, 4.436496e+002
6.718676e+003, 4.432427e+002
6.728441e+003, 4.431156e+002
6.738207e+003, 4.432936e+002
6.747972e+003, 4.448449e+002
6.757738e+003, 4.464979e+002
6.767503e+003, 4.481001e+002
6.777269e+003, 4.489393e+002
6.787034e+003, 4.497277e+002
6.796800e+003, 4.497277e+002
6.806565e+003, 4.496260e+002
6.816331e+003, 4.501346e+002
6.826096e+003, 4.513807e+002
6.835862e+003, 4.530083e+002
6.845628e+003, 4.545088e+002
6.855393e+003, 4.550428e+002
6.865159e+003, 4.553226e+002
6.874924e+003, 4.554243e+002
6.884690e+003, 4.558567e+002
6.894455e+003, 4.569502e+002
6.904221e+003, 4.574588e+002
6.913986e+003, 4.578912e+002
6.923752e+003, 4.586795e+002
6.933517e+003, 4.587050e+002
6.943283e+003, 4.589084e+002
6.953048e+003, 4.594933e+002
6.962814e+003, 4.603071e+002
6.972579e+003, 4.611209e+002
6.982345e+003, 4.615278e+002
6.992110e+003, 4.619347e+002
7.001876e+003, 4.621636e+002
7.011641e+003, 4.626468e+002
7.021407e+003, 4.626468e+002
7.031172e+003, 4.626977e+002
7.040938e+003, 4.631809e+002
7.050703e+003, 4.635878e+002
7.060469e+003, 4.642744e+002
7.070234e+003, 4.643761e+002
7.080000e+003, 4.644016e+002
7.089765e+003, 4.644016e+002
7.099531e+003, 4.650882e+002
7.109296e+003, 4.652154e+002
7.119062e+003, 4.656223e+002
7.128828e+003, 4.660038e+002
7.138593e+003, 4.664361e+002
7.148359e+003, 4.668430e+002
7.158124e+003, 4.667158e+002
7.167890e+003, 4.667158e+002
7.177655e+003, 4.668430e+002
7.187421e+003, 4.675296e+002
7.197186e+003, 4.676568e+002
7.206952e+003, 4.683434e+002
7.216717e+003, 4.684452e+002
7.226483e+003, 4.683434e+002
7.236248e+003, 4.680637e+002
7.246014e+003, 4.684452e+002
7.255779e+003, 4.684706e+002
7.265545e+003, 4.684452e+002
7.275310e+003, 4.680637e+002
7.285076e+003, 4.680637e+002
7.294841e+003, 4.680637e+002
7.304607e+003, 4.683434e+002
7.314372e+003, 4.683434e+002
7.324138e+003, 4.676568e+002
7.333903e+003, 4.675296e+002
7.343669e+003, 4.668176e+002
7.353434e+003, 4.664361e+002
7.363200e+003, 4.664107e+002
7.372965e+003, 4.660038e+002
7.382731e+003, 4.660038e+002
7.392496e+003, 4.660038e+002
7.402262e+003, 4.652154e+002
7.412028e+003, 4.646050e+002
7.421793e+003, 4.636386e+002
7.431559e+003, 4.635623e+002
7.441324e+003, 4.631554e+002
7.451090e+003, 4.627740e+002
7.460855e+003, 4.615533e+002
7.470621e+003, 4.574843e+002
7.480386e+003, 4.570519e+002
7.490152e+003, 4.562381e+002
7.499917e+003, 4.558312e+002
7.509683e+003, 4.562381e+002
7.519448e+003, 4.556532e+002
7.529214e+003, 4.550174e+002
7.538979e+003, 4.537967e+002
7.548745e+003, 4.529829e+002
7.558510e+003, 4.523980e+002
7.568276e+003, 4.521945e+002
7.578041e+003, 4.514316e+002
7.587807e+003, 4.506178e+002
7.597572e+003, 4.497277e+002
7.607338e+003, 4.481255e+002
7.617103e+003, 4.473117e+002
7.626869e+003, 4.472863e+002
7.636634e+003, 4.469048e+002
7.646400e+003, 4.464725e+002
7.656165e+003, 4.452772e+002
7.665931e+003, 4.439294e+002
7.675696e+003, 4.423017e+002
7.685462e+003, 4.407759e+002
7.695228e+003, 4.395806e+002
7.704993e+003, 4.391737e+002
7.714759e+003, 4.398603e+002
7.724524e+003, 4.390465e+002
7.734290e+003, 4.371138e+002
7.744055e+003, 4.350793e+002
7.753821e+003, 4.334516e+002
7.763586e+003, 4.326378e+002
7.773352e+003, 4.322309e+002
7.783117e+003, 4.317223e+002
7.792883e+003, 4.302219e+002
7.802648e+003, 4.285688e+002
7.812414e+003, 4.269412e+002
7.822179e+003, 4.257460e+002
7.831945e+003, 4.252119e+002
7.841710e+003, 4.249067e+002
7.851476e+003, 4.244998e+002
7.861241e+003, 4.240929e+002
7.871007e+003, 4.224653e+002
7.880772e+003, 4.204562e+002
7.890538e+003, 4.190321e+002
7.900303e+003, 4.180148e+002
7.910069e+003, 4.175825e+002
7.919834e+003, 4.170739e+002
7.929600e+003, 4.159803e+002
7.939365e+003, 4.147342e+002
7.949131e+003, 4.130049e+002
7.958896e+003, 4.115044e+002
7.968662e+003, 4.108941e+002
7.978428e+003, 4.106906e+002
7.988193e+003, 4.105634e+002
7.997959e+003, 4.090630e+002
8.007724e+003, 4.082238e+002
8.017490e+003, 4.073082e+002
8.027255e+003, 4.058078e+002
8.037021e+003, 4.045871e+002
8.046786e+003, 4.035698e+002
8.056552e+003, 4.032392e+002
8.066317e+003, 4.029340e+002
8.076083e+003, 4.025271e+002
8.085848e+003, 4.008995e+002
8.095614e+003, 3.992719e+002
8.105379e+003, 3.976698e+002
8.115145e+003, 3.975426e+002
8.124910e+003, 3.969068e+002
8.134676e+003, 3.964491e+002
8.144441e+003, 3.954318e+002
8.154207e+003, 3.948215e+002
8.163972e+003, 3.936007e+002
8.173738e+003, 3.927615e+002
8.183503e+003, 3.918460e+002
8.193269e+003, 3.915408e+002
8.203034e+003, 3.907524e+002
8.212800e+003, 3.899386e+002
8.222565e+003, 3.887179e+002
8.232331e+003, 3.874972e+002
8.242096e+003, 3.866834e+002
8.251862e+003, 3.861494e+002
8.261628e+003, 3.853356e+002
8.271393e+003, 3.845218e+002
8.281159e+003, 3.837080e+002
8.290924e+003, 3.822584e+002
8.300690e+003, 3.812665e+002
8.310455e+003, 3.805545e+002
8.320221e+003, 3.797661e+002
8.329986e+003, 3.789523e+002
8.339752e+003, 3.781131e+002
8.349517e+003, 3.773247e+002
8.359283e+003, 3.769178e+002
8.369048e+003, 3.764855e+002
8.378814e+003, 3.757480e+002
8.388579e+003, 3.752902e+002
8.398345e+003, 3.748579e+002
8.408110e+003, 3.744764e+002
8.417876e+003, 3.740441e+002
8.427641e+003, 3.736371e+002
8.437407e+003, 3.731285e+002
8.447172e+003, 3.728233e+002
8.456938e+003, 3.724419e+002
8.466703e+003, 3.724419e+002
8.476469e+003, 3.720350e+002
8.486234e+003, 3.716281e+002
8.496000e+003, 3.716281e+002
8.505765e+003, 3.720095e+002
8.515531e+003, 3.716026e+002
8.525296e+003, 3.715009e+002
8.535062e+003, 3.715009e+002
8.544828e+003, 3.715009e+002
8.554593e+003, 3.710177e+002
8.564359e+003, 3.707888e+002
8.574124e+003, 3.708651e+002
8.583890e+003, 3.715009e+002
8.593655e+003, 3.715009e+002
8.603421e+003, 3.710177e+002
8.613186e+003, 3.715009e+002
8.622952e+003, 3.716281e+002
8.632717e+003, 3.724164e+002
8.642483e+003, 3.728488e+002
8.652248e+003, 3.732302e+002
8.662014e+003, 3.732302e+002
8.671779e+003, 3.732557e+002
8.681545e+003, 3.736371e+002
8.691310e+003, 3.740695e+002
8.701076e+003, 3.742729e+002
8.710841e+003, 3.748579e+002
8.720607e+003, 3.748833e+002
8.730372e+003, 3.751630e+002
8.740138e+003, 3.752648e+002
8.749903e+003, 3.756717e+002
8.759669e+003, 3.761040e+002
8.769434e+003, 3.764855e+002
8.779200e+003, 3.768924e+002
8.788965e+003, 3.773247e+002
8.798731e+003, 3.775281e+002
8.808496e+003, 3.777316e+002
8.818262e+003, 3.780113e+002
8.828028e+003, 3.781385e+002
8.837793e+003, 3.789269e+002
8.847559e+003, 3.789523e+002
8.857324e+003, 3.789523e+002
8.867090e+003, 3.793592e+002
8.876855e+003, 3.797407e+002
8.886621e+003, 3.797661e+002
8.896386e+003, 3.791557e+002
8.906152e+003, 3.761040e+002
8.915917e+003, 3.764855e+002
8.925683e+003, 3.765109e+002
8.935448e+003, 3.765109e+002
8.945214e+003, 3.765109e+002
8.954979e+003, 3.769178e+002
8.964745e+003, 3.772993e+002
8.974510e+003, 3.773247e+002
8.984276e+003, 3.775281e+002
8.994041e+003, 3.777316e+002
9.003807e+003, 3.780113e+002
9.013572e+003, 3.784182e+002
9.023338e+003, 3.788251e+002
9.033103e+003, 3.789523e+002
9.042869e+003, 3.789523e+002
9.052634e+003, 3.793592e+002
9.062400e+003, 3.796389e+002
9.072165e+003, 3.797407e+002
9.081931e+003, 3.797407e+002
9.091696e+003, 3.799696e+002
9.101462e+003, 3.801730e+002
9.111228e+003, 3.801730e+002
9.120993e+003, 3.804527e+002
9.130759e+003, 3.807834e+002
9.140524e+003, 3.812665e+002
9.150290e+003, 3.813683e+002
9.160055e+003, 3.817752e+002
9.169821e+003, 3.815972e+002
9.179586e+003, 3.815972e+002
9.189352e+003, 3.820804e+002
9.199117e+003, 3.826144e+002
9.208883e+003, 3.834028e+002
9.218648e+003, 3.838097e+002
9.228414e+003, 3.838097e+002
9.238179e+003, 3.837080e+002
9.247945e+003, 3.840386e+002
9.257710e+003, 3.846489e+002
9.267476e+003, 3.854373e+002
9.277241e+003, 3.861494e+002
9.287007e+003, 3.866834e+002
9.296772e+003, 3.870649e+002
9.306538e+003, 3.872938e+002
9.316303e+003, 3.878787e+002
9.326069e+003, 3.887179e+002
9.335834e+003, 3.899386e+002
9.345600e+003, 3.907524e+002
9.355365e+003, 3.911593e+002
9.365131e+003, 3.919477e+002
9.374896e+003, 3.926598e+002
9.384662e+003, 3.931684e+002
9.394428e+003, 3.936007e+002
9.404193e+003, 3.948215e+002
9.413959e+003, 3.960422e+002
9.423724e+003, 3.975426e+002
9.433490e+003, 3.976698e+002
9.443255e+003, 3.978732e+002
9.453021e+003, 3.988650e+002
9.462786e+003, 4.000857e+002
9.472552e+003, 4.013064e+002
9.482317e+003, 4.025526e+002
9.492083e+003, 4.033664e+002
9.501848e+003, 4.037733e+002
9.511614e+003, 4.041802e+002
9.521379e+003, 4.049940e+002
9.531145e+003, 4.058078e+002
9.540910e+003, 4.073082e+002
9.550676e+003, 4.082238e+002
9.560441e+003, 4.089358e+002
9.570207e+003, 4.094445e+002
9.579972e+003, 4.098768e+002
9.589738e+003, 4.106906e+002
9.599503e+003, 4.126997e+002
9.609269e+003, 4.147342e+002
9.619034e+003, 4.162601e+002
9.628800e+003, 4.164381e+002
9.638565e+003, 4.170739e+002
9.648331e+003, 4.178877e+002
9.658096e+003, 4.188032e+002
9.667862e+003, 4.203291e+002
9.677628e+003, 4.219567e+002
9.687393e+003, 4.237114e+002
9.697159e+003, 4.253136e+002
9.706924e+003, 4.253390e+002
9.716690e+003, 4.253390e+002
9.726455e+003, 4.262037e+002
9.736221e+003, 4.277550e+002
9.745986e+003, 4.293826e+002
9.755752e+003, 4.310357e+002
9.765517e+003, 4.330702e+002
9.775283e+003, 4.349775e+002
9.785048e+003, 4.357913e+002
9.794814e+003, 4.358931e+002
9.804579e+003, 4.358931e+002
9.814345e+003, 4.366051e+002
9.824110e+003, 4.377495e+002
9.833876e+003, 4.398603e+002
9.843641e+003, 4.415897e+002
9.853407e+003, 4.424035e+002
9.863172e+003, 4.426324e+002
9.872938e+003, 4.428358e+002
9.882703e+003, 4.440565e+002
9.892469e+003, 4.463708e+002
9.902234e+003, 4.481001e+002
9.912000e+003, 4.496260e+002
9.921765e+003, 4.497277e+002
9.931531e+003, 4.497277e+002
9.941296e+003, 4.497277e+002
9.951062e+003, 4.505415e+002
9.960828e+003, 4.521945e+002
9.970593e+003, 4.538730e+002
9.980359e+003, 4.550428e+002
9.990124e+003, 4.554243e+002
9.999890e+003, 4.554497e+002
1.000966e+004, 4.558567e+002
1.001942e+004, 4.569502e+002
1.002919e+004, 4.578912e+002
1.003895e+004, 4.590864e+002
1.004872e+004, 4.599257e+002
1.005848e+004, 4.603834e+002
1.006825e+004, 4.611209e+002
1.007801e+004, 4.611209e+002
1.008778e+004, 4.615278e+002
1.009754e+004, 4.626468e+002
1.010731e+004, 4.635623e+002
1.011708e+004, 4.643761e+002
1.012684e+004, 4.651899e+002
1.013661e+004, 4.659020e+002
1.014637e+004, 4.659020e+002
1.015614e+004, 4.659020e+002
1.016590e+004, 4.660292e+002
1.017567e+004, 4.664107e+002
1.018543e+004, 4.668430e+002
1.019520e+004, 4.676314e+002
1.020497e+004, 4.680637e+002
1.021473e+004, 4.684452e+002
1.022450e+004, 4.684452e+002
1.023426e+004, 4.684706e+002
1.024403e+004, 4.684706e+002
1.025379e+004, 4.684706e+002
1.026356e+004, 4.692590e+002
1.027332e+004, 4.700982e+002
1.028309e+004, 4.707848e+002
1.029286e+004, 4.709120e+002
1.030262e+004, 4.707848e+002
1.031239e+004, 4.704797e+002
1.032215e+004, 4.705051e+002
1.033192e+004, 4.708866e+002
1.034168e+004, 4.708866e+002
1.035145e+004, 4.700728e+002
1.036121e+004, 4.664107e+002
1.037098e+004, 4.664107e+002
1.038074e+004, 4.664107e+002
1.039051e+004, 4.660292e+002
1.040028e+004, 4.660038e+002
1.041004e+004, 4.659020e+002
1.041981e+004, 4.659020e+002
1.042957e+004, 4.660292e+002
1.043934e+004, 4.660292e+002
1.044910e+004, 4.659020e+002
1.045887e+004, 4.659020e+002
1.046863e+004, 4.654188e+002
1.047840e+004, 4.659020e+002
1.048817e+004, 4.660038e+002
1.049793e+004, 4.660038e+002
1.050770e+004, 4.654188e+002
1.051746e+004, 4.652154e+002
1.052723e+004, 4.647830e+002
1.053699e+004, 4.643761e+002
1.054676e+004, 4.643761e+002
1.055652e+004, 4.643761e+002
1.056629e+004, 4.637912e+002
1.057606e+004, 4.627740e+002
1.058582e+004, 4.627485e+002
1.059559e+004, 4.627485e+002
1.060535e+004, 4.626468e+002
1.061512e+004, 4.618330e+002
1.062488e+004, 4.611464e+002
1.063465e+004, 4.611209e+002
1.064441e+004, 4.610192e+002
1.065418e+004, 4.610192e+002
1.066394e+004, 4.603071e+002
1.067371e+004, 4.599002e+002
1.068348e+004, 4.591119e+002
1.069324e+004, 4.593916e+002
1.070301e+004, 4.587050e+002
1.071277e+004, 4.582726e+002
1.072254e+004, 4.578657e+002
1.073230e+004, 4.578912e+002
1.074207e+004, 4.578657e+002
1.075183e+004, 4.577640e+002
1.076160e+004, 4.570519e+002
1.077137e+004, 4.562636e+002
1.078113e+004, 4.554497e+002
1.079090e+004, 4.553226e+002
1.080066e+004, 4.550174e+002
1.081043e+004, 4.545088e+002
1.082019e+004, 4.536950e+002
1.082996e+004, 4.529829e+002
1.083972e+004, 4.521691e+002
1.084949e+004, 4.517622e+002
1.085926e+004, 4.513807e+002
1.086902e+004, 4.506178e+002
1.087879e+004, 4.497531e+002
1.088855e+004, 4.488122e+002
1.089832e+004, 4.477186e+002
1.090808e+004, 4.473117e+002
1.091785e+004, 4.471846e+002
1.092761e+004, 4.460656e+002
1.093738e+004, 4.444380e+002
1.094714e+004, 4.428358e+002
1.095691e+004, 4.420220e+002
1.096668e+004, 4.415897e+002
1.097644e+004, 4.414879e+002
1.098621e+004, 4.407759e+002
1.099597e+004, 4.398603e+002
1.100574e+004, 4.382327e+002
1.101550e+004, 4.366051e+002
1.102527e+004, 4.349775e+002
1.103503e+004, 4.341637e+002
1.104480e+004, 4.334771e+002
1.105457e+004, 4.330702e+002
1.106433e+004, 4.325361e+002
1.107410e+004, 4.306033e+002
1.108386e+004, 4.285943e+002
1.109363e+004, 4.273481e+002
1.110339e+004, 4.265598e+002
1.111316e+004, 4.268395e+002
1.112292e+004, 4.269412e+002
1.113269e+004, 4.261274e+002
1.114246e+004, 4.237114e+002
1.115222e+004, 4.212700e+002
1.116199e+004, 4.196424e+002
1.117175e+004, 4.192101e+002
1.118152e+004, 4.192355e+002
1.119128e+004, 4.192101e+002
1.120105e+004, 4.179894e+002
1.121081e+004, 4.156243e+002
1.122058e+004, 4.139204e+002
1.123034e+004, 4.122928e+002
1.124011e+004, 4.115553e+002
1.124988e+004, 4.115044e+002
1.125964e+004, 4.115044e+002
1.126941e+004, 4.110975e+002
1.127917e+004, 4.098514e+002
1.128894e+004, 4.078169e+002
1.129870e+004, 4.064944e+002
1.130847e+004, 4.058078e+002
1.131823e+004, 4.057824e+002
1.132800e+004, 4.051974e+002
1.133777e+004, 4.045617e+002
1.134753e+004, 4.032392e+002
1.135730e+004, 4.017388e+002
1.136706e+004, 4.004926e+002
1.137683e+004, 3.995008e+002
1.138659e+004, 3.992719e+002
1.139636e+004, 3.986870e+002
1.140612e+004, 3.976698e+002
1.141589e+004, 3.968305e+002
1.142566e+004, 3.956353e+002
1.143542e+004, 3.944145e+002
1.144519e+004, 3.934736e+002
1.145495e+004, 3.923800e+002
1.146472e+004, 3.919477e+002
1.147448e+004, 3.919477e+002
1.148425e+004, 3.915408e+002
1.149401e+004, 3.903455e+002
1.150378e+004, 3.895063e+002
1.151354e+004, 3.879550e+002
1.152331e+004, 3.862765e+002
1.153308e+004, 3.854373e+002
1.154284e+004, 3.853356e+002
1.155261e+004, 3.854627e+002
1.156237e+004, 3.854627e+002
1.157214e+004, 3.846489e+002
1.158190e+004, 3.830213e+002
1.159167e+004, 3.813683e+002
1.160143e+004, 3.801730e+002
1.161120e+004, 3.797407e+002
1.162097e+004, 3.797661e+002
1.163073e+004, 3.799696e+002
1.164050e+004, 3.797407e+002
1.165026e+004, 3.789269e+002
1.166003e+004, 3.777316e+002
1.166979e+004, 3.767143e+002
1.167956e+004, 3.756971e+002
1.168932e+004, 3.755699e+002
1.169909e+004, 3.752648e+002
1.170886e+004, 3.747561e+002
1.171862e+004, 3.741203e+002
1.172839e+004, 3.739423e+002
1.173815e+004, 3.736371e+002
1.174792e+004, 3.734591e+002
1.175768e+004, 3.728488e+002
1.176745e+004, 3.720350e+002
1.177721e+004, 3.720095e+002
1.178698e+004, 3.720095e+002
1.179674e+004, 3.716026e+002
1.180651e+004, 3.699750e+002
1.181628e+004, 3.663384e+002
1.182604e+004, 3.666181e+002
1.183581e+004, 3.669487e+002
1.184557e+004, 3.671267e+002
1.185534e+004, 3.674319e+002
1.186510e+004, 3.677625e+002
1.187487e+004, 3.679660e+002
1.188463e+004, 3.679405e+002
1.189440e+004, 3.682457e+002
1.190417e+004, 3.683474e+002
1.191393e+004, 3.687543e+002
1.192370e+004, 3.690595e+002
1.193346e+004, 3.690595e+002
1.194323e+004, 3.691867e+002
1.195299e+004, 3.698733e+002
1.196276e+004, 3.700005e+002
1.197252e+004, 3.703819e+002
1.198229e+004, 3.706871e+002
1.199206e+004, 3.707888e+002
1.200182e+004, 3.708651e+002
1.201159e+004, 3.715009e+002
1.202135e+004, 3.716026e+002
1.203112e+004, 3.716789e+002
1.204088e+004, 3.723147e+002
1.205065e+004, 3.724164e+002
1.206041e+004, 3.724927e+002
1.207018e+004, 3.728233e+002
1.207994e+004, 3.731285e+002
1.208971e+004, 3.732557e+002
1.209948e+004, 3.739423e+002
1.210924e+004, 3.742729e+002
1.211901e+004, 3.747561e+002
1.212877e+004, 3.747561e+002
1.213854e+004, 3.747561e+002
1.214830e+004, 3.747561e+002
1.215807e+004, 3.748833e+002
1.216783e+004, 3.756717e+002
1.217760e+004, 3.757480e+002
1.218737e+004, 3.756971e+002
1.219713e+004, 3.757480e+002
1.220690e+004, 3.756971e+002
1.221666e+004, 3.756971e+002
1.222643e+004, 3.759005e+002
1.223619e+004, 3.763837e+002
1.224596e+004, 3.765109e+002
1.225572e+004, 3.768924e+002
1.226549e+004, 3.769178e+002
1.227526e+004, 3.768924e+002
1.228502e+004, 3.765618e+002
1.229479e+004, 3.769178e+002
1.230455e+004, 3.771975e+002
1.231432e+004, 3.772993e+002
1.232408e+004, 3.772993e+002
1.233385e+004, 3.772993e+002
1.234361e+004, 3.772993e+002
1.235338e+004, 3.777062e+002
1.236314e+004, 3.781131e+002
1.237291e+004, 3.780113e+002
1.238268e+004, 3.780113e+002
1.239244e+004, 3.785200e+002
1.240221e+004, 3.785454e+002
1.241197e+004, 3.788251e+002
1.242174e+004, 3.785454e+002
1.243150e+004, 3.789523e+002
1.244127e+004, 3.796389e+002
1.245103e+004, 3.799696e+002
1.246080e+004, 3.804527e+002
1.247057e+004, 3.805799e+002
1.248033e+004, 3.813937e+002
1.249010e+004, 3.820804e+002
1.249986e+004, 3.821821e+002
1.250963e+004, 3.820804e+002
1.251939e+004, 3.821821e+002
1.252916e+004, 3.829959e+002
1.253892e+004, 3.838351e+002
1.254869e+004, 3.845218e+002
1.255846e+004, 3.846235e+002
1.256822e+004, 3.846235e+002
1.257799e+004, 3.846489e+002
1.258775e+004, 3.854373e+002
1.259752e+004, 3.855136e+002
1.260728e+004, 3.862511e+002
1.261705e+004, 3.872938e+002
1.262681e+004, 3.883110e+002
1.263658e+004, 3.887179e+002
1.264634e+004, 3.891248e+002
1.265611e+004, 3.895826e+002
1.266588e+004, 3.903201e+002
1.267564e+004, 3.910322e+002
1.268541e+004, 3.911593e+002
1.269517e+004, 3.915408e+002
1.270494e+004, 3.927615e+002
1.271470e+004, 3.938042e+002
1.272447e+004, 3.951012e+002
1.273423e+004, 3.956098e+002
1.274400e+004, 3.960167e+002
1.275377e+004, 3.967288e+002
1.276353e+004, 3.983564e+002
1.277330e+004, 3.993482e+002
1.278306e+004, 4.000857e+002
1.279283e+004, 4.007978e+002
1.280259e+004, 4.017133e+002
1.281236e+004, 4.033409e+002
1.282212e+004, 4.045871e+002
1.283189e+004, 4.054009e+002
1.284166e+004, 4.057824e+002
1.285142e+004, 4.057824e+002
1.286119e+004, 4.061893e+002
1.287095e+004, 4.078169e+002
1.288072e+004, 4.098514e+002
1.289048e+004, 4.115044e+002
1.290025e+004, 4.125217e+002
1.291001e+004, 4.131066e+002
1.291978e+004, 4.131066e+002
1.292954e+004, 4.131320e+002
1.293931e+004, 4.143273e+002
1.294908e+004, 4.163618e+002
1.295884e+004, 4.180148e+002
1.296861e+004, 4.196170e+002
1.297837e+004, 4.204308e+002
1.298814e+004, 4.208377e+002
1.299790e+004, 4.211429e+002
1.300767e+004, 4.216769e+002
1.301743e+004, 4.228722e+002
1.302720e+004, 4.244998e+002
1.303697e+004, 4.265598e+002
1.304673e+004, 4.276533e+002
1.305650e+004, 4.278313e+002
1.306626e+004, 4.287977e+002
1.307603e+004, 4.300947e+002
1.308579e+004, 4.309085e+002
1.309556e+004, 4.314171e+002
1.310532e+004, 4.322309e+002
1.311509e+004, 4.334771e+002
1.312486e+004, 4.350793e+002
1.313462e+004, 4.366051e+002
1.314439e+004, 4.375207e+002
1.315415e+004, 4.375461e+002
1.316392e+004, 4.375461e+002
1.317368e+004, 4.383345e+002
1.318345e+004, 4.399621e+002
1.319321e+004, 4.419966e+002
1.320298e+004, 4.436496e+002
1.321274e+004, 4.447432e+002
1.322251e+004, 4.444634e+002
1.323228e+004, 4.440565e+002
1.324204e+004, 4.447432e+002
1.325181e+004, 4.456841e+002
1.326157e+004, 4.471846e+002
1.327134e+004, 4.472863e+002
1.328110e+004, 4.447432e+002
1.329087e+004, 4.447432e+002
1.330063e+004, 4.447432e+002
1.331040e+004, 4.448703e+002
1.332017e+004, 4.460910e+002
1.332993e+004, 4.472863e+002
1.333970e+004, 4.481255e+002
1.334946e+004, 4.488122e+002
1.335923e+004, 4.489393e+002
1.336899e+004, 4.496260e+002
1.337876e+004, 4.501346e+002
1.338852e+004, 4.512536e+002
1.339829e+004, 4.517622e+002
1.340806e+004, 4.520674e+002
1.341782e+004, 4.528812e+002
1.342759e+004, 4.536950e+002
1.343735e+004, 4.542036e+002
1.344712e+004, 4.546359e+002
1.345688e+004, 4.554243e+002
1.346665e+004, 4.556532e+002
1.347641e+004, 4.562381e+002
1.348618e+004, 4.562636e+002
1.349594e+004, 4.566705e+002
1.350571e+004, 4.570774e+002
1.351548e+004, 4.578657e+002
1.352524e+004, 4.582726e+002
1.353501e+004, 4.582981e+002
1.354477e+004, 4.585778e+002
1.355454e+004, 4.591119e+002
1.356430e+004, 4.595188e+002
1.357407e+004, 4.599257e+002
1.358383e+004, 4.603071e+002
1.359360e+004, 4.603326e+002
1.360337e+004, 4.603326e+002
1.361313e+004, 4.603326e+002
1.362290e+004, 4.607140e+002
1.363266e+004, 4.611464e+002
1.364243e+004, 4.618330e+002
1.365219e+004, 4.619347e+002
1.366196e+004, 4.618330e+002
1.367172e+004, 4.618330e+002
1.368149e+004, 4.618330e+002
1.369126e+004, 4.619347e+002
1.370102e+004, 4.619347e+002
1.371079e+004, 4.619602e+002
1.372055e+004, 4.620110e+002
1.373032e+004, 4.619602e+002
1.374008e+004, 4.619347e+002
1.374985e+004, 4.619347e+002
1.375961e+004, 4.619347e+002
1.376938e+004, 4.619347e+002
1.377914e+004, 4.618330e+002
1.378891e+004, 4.611464e+002
1.379868e+004, 4.611464e+002
1.380844e+004, 4.610192e+002
1.381821e+004, 4.603326e+002
1.382797e+004, 4.603071e+002
1.383774e+004, 4.599002e+002
1.384750e+004, 4.593916e+002
1.385727e+004, 4.590864e+002
1.386703e+004, 4.590864e+002
1.387680e+004, 4.585778e+002
1.388657e+004, 4.577640e+002
1.389633e+004, 4.570519e+002
1.390610e+004, 4.570519e+002
1.391586e+004, 4.569502e+002
1.392563e+004, 4.562636e+002
1.393539e+004, 4.562381e+002
1.394516e+004, 4.558567e+002
1.395492e+004, 4.554243e+002
1.396469e+004, 4.550428e+002
1.397446e+004, 4.546105e+002
1.398422e+004, 4.538221e+002
1.399399e+004, 4.537967e+002
1.400375e+004, 4.536950e+002
1.401352e+004, 4.530083e+002
1.402328e+004, 4.528812e+002
1.403305e+004, 4.521945e+002
1.404281e+004, 4.513807e+002
1.405258e+004, 4.504398e+002
1.406234e+004, 4.496260e+002
1.407211e+004, 4.489393e+002
1.408188e+004, 4.496260e+002
1.409164e+004, 4.497277e+002
1.410141e+004, 4.489139e+002
1.411117e+004, 4.471846e+002
1.412094e+004, 4.452772e+002
1.413070e+004, 4.439294e+002
1.414047e+004, 4.432173e+002
1.415023e+004, 4.432427e+002
1.416000e+004, 4.432427e+002
1.416977e+004, 4.424035e+002
1.417953e+004, 4.408013e+002
1.418930e+004, 4.391737e+002
1.419906e+004, 4.375207e+002
1.420883e+004, 4.366051e+002
1.421859e+004, 4.359693e+002
1.422836e+004, 4.367069e+002
1.423812e+004, 4.374189e+002
1.424789e+004, 4.359693e+002
1.425766e+004, 4.334516e+002
1.426742e+004, 4.310102e+002
1.427719e+004, 4.293826e+002
1.428695e+004, 4.286451e+002
1.429672e+004, 4.287977e+002
1.430648e+004, 4.285943e+002
1.431625e+004, 4.277550e+002
1.432601e+004, 4.257460e+002
1.433578e+004, 4.235843e+002
1.434554e+004, 4.212700e+002
1.435531e+004, 4.204562e+002
1.436508e+004, 4.205071e+002
1.437484e+004, 4.208377e+002
1.438461e+004, 4.203291e+002
1.439437e+004, 4.187015e+002
1.440414e+004, 4.163618e+002
1.441390e+004, 4.139458e+002
1.442367e+004, 4.131066e+002
1.443343e+004, 4.131320e+002
1.444320e+004, 4.133355e+002
1.445297e+004, 4.130049e+002
1.446273e+004, 4.114790e+002
1.447250e+004, 4.090376e+002
1.448226e+004, 4.073082e+002
1.449203e+004, 4.058078e+002
1.450179e+004, 4.058078e+002
1.451156e+004, 4.064944e+002
1.452132e+004, 4.065962e+002
1.453109e+004, 4.058078e+002
1.454086e+004, 4.045871e+002
1.455062e+004, 4.032392e+002
1.456039e+004, 4.017896e+002
1.457015e+004, 4.012047e+002
1.457992e+004, 4.009250e+002
1.458968e+004, 4.009758e+002
1.459945e+004, 4.007978e+002
1.460921e+004, 3.992974e+002
1.461898e+004, 3.980512e+002
1.462874e+004, 3.964491e+002
1.463851e+004, 3.959150e+002
1.464828e+004, 3.960167e+002
1.465804e+004, 3.960167e+002
1.466781e+004, 3.952284e+002
1.467757e+004, 3.943891e+002
1.468734e+004, 3.927869e+002
1.469710e+004, 3.915662e+002
1.470687e+004, 3.911593e+002
1.471663e+004, 3.911593e+002
1.472640e+004, 3.910322e+002
1.473617e+004, 3.899386e+002
1.474593e+004, 3.878787e+002
1.475570e+004, 3.834282e+002
1.476546e+004, 3.822075e+002
1.477523e+004, 3.812665e+002
1.478499e+004, 3.805545e+002
1.479476e+004, 3.804527e+002
1.480452e+004, 3.801476e+002
1.481429e+004, 3.791557e+002
1.482406e+004, 3.781385e+002
1.483382e+004, 3.772993e+002
1.484359e+004, 3.757480e+002
1.485335e+004, 3.748833e+002
1.486312e+004, 3.747561e+002
1.487288e+004, 3.748833e+002
1.488265e+004, 3.742729e+002
1.489241e+004, 3.732557e+002
1.490218e+004, 3.723147e+002
1.491194e+004, 3.716026e+002
1.492171e+004, 3.715009e+002
1.493148e+004, 3.708143e+002
1.494124e+004, 3.706871e+002
1.495101e+004, 3.704074e+002
1.496077e+004, 3.703819e+002
1.497054e+004, 3.702802e+002
1.498030e+004, 3.699750e+002
1.499007e+004, 3.695936e+002
1.499983e+004, 3.691867e+002
1.500960e+004, 3.690595e+002
1.501937e+004, 3.687543e+002
1.502913e+004, 3.686526e+002
1.503890e+004, 3.690595e+002
1.504866e+004, 3.691867e+002
1.505843e+004, 3.690595e+002
1.506819e+004, 3.687798e+002
1.507796e+004, 3.687543e+002
1.508772e+004, 3.683474e+002
1.509749e+004, 3.682457e+002
1.510726e+004, 3.684237e+002
1.511702e+004, 3.690595e+002
1.512679e+004, 3.691867e+002
1.513655e+004, 3.693901e+002
1.514632e+004, 3.691867e+002
1.515608e+004, 3.691867e+002
1.516585e+004, 3.692375e+002
1.517561e+004, 3.693901e+002
1.518538e+004, 3.699750e+002
1.519514e+004, 3.706871e+002
1.520491e+004, 3.708143e+002
1.521468e+004, 3.708143e+002
1.522444e+004, 3.707888e+002
1.523421e+004, 3.706871e+002
1.524397e+004, 3.708651e+002
1.525374e+004, 3.716281e+002
1.526350e+004, 3.718315e+002
1.527327e+004, 3.720095e+002
1.528303e+004, 3.720095e+002
1.529280e+004, 3.720095e+002
1.530257e+004, 3.724164e+002
1.531233e+004, 3.731285e+002
1.532210e+004, 3.736626e+002
1.533186e+004, 3.740441e+002
1.534163e+004, 3.740695e+002
1.535139e+004, 3.740441e+002
1.536116e+004, 3.736371e+002
1.537092e+004, 3.740441e+002
1.538069e+004, 3.747561e+002
1.539046e+004, 3.752902e+002
1.540022e+004, 3.756717e+002
1.540999e+004, 3.756971e+002
1.541975e+004, 3.755699e+002
1.542952e+004, 3.756717e+002
1.543928e+004, 3.757480e+002
1.544905e+004, 3.763837e+002
1.545881e+004, 3.765618e+002
1.546858e+004, 3.768924e+002
1.547834e+004, 3.768924e+002
1.548811e+004, 3.768924e+002
1.549788e+004, 3.769178e+002
1.550764e+004, 3.769178e+002
1.551741e+004, 3.771975e+002
1.552717e+004, 3.777316e+002
1.553694e+004, 3.781131e+002
1.554670e+004, 3.781131e+002
1.555647e+004, 3.780113e+002
1.556623e+004, 3.777316e+002
1.557600e+004, 3.780113e+002
1.558577e+004, 3.783419e+002
1.559553e+004, 3.789269e+002
1.560530e+004, 3.789523e+002
1.561506e+004, 3.789523e+002
1.562483e+004, 3.789523e+002
1.563459e+004, 3.793592e+002
1.564436e+004, 3.796389e+002
1.565412e+004, 3.799696e+002
1.566389e+004, 3.805545e+002
1.567366e+004, 3.805799e+002
1.568342e+004, 3.804527e+002
1.569319e+004, 3.809614e+002
1.570295e+004, 3.813683e+002
1.571272e+004, 3.813683e+002
1.572248e+004, 3.812665e+002
1.573225e+004, 3.813683e+002
1.574201e+004, 3.818006e+002
1.575178e+004, 3.822075e+002
1.576154e+004, 3.828942e+002
1.577131e+004, 3.834028e+002
1.578108e+004, 3.838351e+002
1.579084e+004, 3.840386e+002
1.580061e+004, 3.845218e+002
1.581037e+004, 3.845218e+002
1.582014e+004, 3.850558e+002
1.582990e+004, 3.861494e+002
1.583967e+004, 3.870649e+002
1.584943e+004, 3.879041e+002
1.585920e+004, 3.887179e+002
1.586897e+004, 3.887688e+002
1.587873e+004, 3.894046e+002
1.588850e+004, 3.895063e+002
1.589826e+004, 3.899132e+002
1.590803e+004, 3.907524e+002
1.591779e+004, 3.919731e+002
1.592756e+004, 3.935753e+002
1.593732e+004, 3.942874e+002
1.594709e+004, 3.944145e+002
1.595686e+004, 3.947960e+002
1.596662e+004, 3.952284e+002
1.597639e+004, 3.960422e+002
1.598615e+004, 3.968560e+002
1.599592e+004, 3.980767e+002
1.600568e+004, 3.995008e+002
1.601545e+004, 4.007978e+002
1.602521e+004, 4.009758e+002
1.603498e+004, 4.007978e+002
1.604474e+004, 4.007978e+002
1.605451e+004, 4.024254e+002
1.606428e+004, 4.048668e+002
1.607404e+004, 4.066216e+002
1.608381e+004, 4.078423e+002
1.609357e+004, 4.082238e+002
1.610334e+004, 4.078423e+002
1.611310e+004, 4.081220e+002
1.612287e+004, 4.094699e+002
1.613263e+004, 4.122928e+002
1.614240e+004, 4.148105e+002
1.615217e+004, 4.170739e+002
1.616193e+004, 4.172265e+002
1.617170e+004, 4.171247e+002
1.618146e+004, 4.170739e+002
1.619123e+004, 4.179894e+002
1.620099e+004, 4.196170e+002
1.621076e+004, 4.220584e+002
1.622052e+004, 4.240929e+002
1.623029e+004, 4.252119e+002
1.624006e+004, 4.244998e+002
1.624982e+004, 4.205071e+002
1.625959e+004, 4.207360e+002
1.626935e+004, 4.216769e+002
1.627912e+004, 4.236860e+002
1.628888e+004, 4.261274e+002
1.629865e+004, 4.276533e+002
1.630841e+004, 4.277805e+002
1.631818e+004, 4.277550e+002
1.632794e+004, 4.278313e+002
1.633771e+004, 4.289757e+002
1.634748e+004, 4.306033e+002
1.635724e+004, 4.326378e+002
1.636701e+004, 4.346723e+002
1.637677e+004, 4.358931e+002
1.638654e+004, 4.361219e+002
1.639630e+004, 4.358931e+002
1.640607e+004, 4.359185e+002
1.641583e+004, 4.375207e+002
1.642560e+004, 4.391737e+002
1.643537e+004, 4.408013e+002
1.644513e+004, 4.419966e+002
1.645490e+004, 4.424289e+002
1.646466e+004, 4.432427e+002
1.647443e+004, 4.440565e+002
1.648419e+004, 4.448703e+002
1.649396e+004, 4.456841e+002
1.650372e+004, 4.468794e+002
1.651349e+004, 4.479984e+002
1.652326e+004, 4.491428e+002
1.653302e+004, 4.505415e+002
1.654279e+004, 4.513807e+002
1.655255e+004, 4.520674e+002
1.656232e+004, 4.523980e+002
1.657208e+004, 4.533898e+002
1.658185e+004, 4.546105e+002
1.659161e+004, 4.554243e+002
1.660138e+004, 4.556532e+002
1.661114e+004, 4.558312e+002
1.662091e+004, 4.558567e+002
1.663068e+004, 4.566450e+002
1.664044e+004, 4.578912e+002
1.665021e+004, 4.586795e+002
1.665997e+004, 4.593916e+002
1.666974e+004, 4.594933e+002
1.667950e+004, 4.595188e+002
1.668927e+004, 4.599002e+002
1.669903e+004, 4.603071e+002
1.670880e+004, 4.603834e+002
1.671857e+004, 4.611209e+002
1.672833e+004, 4.619347e+002
1.673810e+004, 4.626468e+002
1.674786e+004, 4.626468e+002
1.675763e+004, 4.621636e+002
1.676739e+004, 4.626977e+002
1.677716e+004, 4.635623e+002
1.678692e+004, 4.642744e+002
1.679669e+004, 4.642744e+002
1.680646e+004, 4.643761e+002
1.681622e+004, 4.644524e+002
1.682599e+004, 4.648085e+002
1.683575e+004, 4.647830e+002
1.684552e+004, 4.647830e+002
1.685528e+004, 4.650882e+002
1.686505e+004, 4.648085e+002
1.687481e+004, 4.651899e+002
1.688458e+004, 4.651899e+002
1.689434e+004, 4.648085e+002
1.690411e+004, 4.648085e+002
1.691388e+004, 4.644524e+002
1.692364e+004, 4.644016e+002
1.693341e+004, 4.644016e+002
1.694317e+004, 4.644016e+002
1.695294e+004, 4.644016e+002
1.696270e+004, 4.643761e+002
1.697247e+004, 4.635878e+002
1.698223e+004, 4.635878e+002
1.699200e+004, 4.642744e+002
1.700177e+004, 4.642744e+002
1.701153e+004, 4.635878e+002
1.702130e+004, 4.634606e+002
1.703106e+004, 4.627740e+002
1.704083e+004, 4.627485e+002
1.705059e+004, 4.627485e+002
1.706036e+004, 4.626977e+002
1.707012e+004, 4.626977e+002
1.707989e+004, 4.626468e+002
1.708966e+004, 4.619602e+002
1.709942e+004, 4.618330e+002
1.710919e+004, 4.611464e+002
1.711895e+004, 4.611209e+002
1.712872e+004, 4.611209e+002
1.713848e+004, 4.610192e+002
1.714825e+004, 4.610192e+002
1.715801e+004, 4.603071e+002
1.716778e+004, 4.603071e+002
1.717754e+004, 4.595188e+002
1.718731e+004, 4.590864e+002
1.719708e+004, 4.587050e+002
1.720684e+004, 4.587050e+002
1.721661e+004, 4.578912e+002
1.722637e+004, 4.577640e+002
1.723614e+004, 4.574843e+002
1.724590e+004, 4.572808e+002
1.725567e+004, 4.569502e+002
1.726543e+004, 4.561364e+002
1.727520e+004, 4.554243e+002
1.728497e+004, 4.546359e+002
1.729473e+004, 4.546105e+002
1.730450e+004, 4.550174e+002
1.731426e+004, 4.546868e+002
1.732403e+004, 4.545088e+002
1.733379e+004, 4.529829e+002
1.734356e+004, 4.517876e+002
1.735332e+004, 4.512536e+002
1.736309e+004, 4.505669e+002
1.737286e+004, 4.505669e+002
1.738262e+004, 4.505415e+002
1.739239e+004, 4.501600e+002
1.740215e+004, 4.489393e+002
1.741192e+004, 4.479984e+002
1.742168e+004, 4.468794e+002
1.743145e+004, 4.464725e+002
1.744121e+004, 4.463708e+002
1.745098e+004, 4.456587e+002
1.746074e+004, 4.444634e+002
1.747051e+004, 4.432936e+002
1.748028e+004, 4.426324e+002
1.749004e+004, 4.424035e+002
1.749981e+004, 4.420220e+002
1.750957e+004, 4.416151e+002
1.751934e+004, 4.403690e+002
1.752910e+004, 4.387414e+002
1.753887e+004, 4.375970e+002
1.754863e+004, 4.375207e+002
1.755840e+004, 4.374189e+002
1.756817e+004, 4.367069e+002
1.757793e+004, 4.351047e+002
1.758770e+004, 4.334771e+002
1.759746e+004, 4.318495e+002
1.760723e+004, 4.306033e+002
1.761699e+004, 4.301964e+002
1.762676e+004, 4.306288e+002
1.763652e+004, 4.302219e+002
1.764629e+004, 4.285688e+002
1.765606e+004, 4.260257e+002
1.766582e+004, 4.240929e+002
1.767559e+004, 4.235843e+002
1.768535e+004, 4.243981e+002
1.769512e+004, 4.243981e+002
1.770488e+004, 4.229485e+002
1.771465e+004, 4.211429e+002
1.772441e+004, 4.188286e+002
1.773418e+004, 4.163618e+002
1.774394e+004, 4.122928e+002
1.775371e+004, 4.115553e+002
1.776348e+004, 4.110975e+002
1.777324e+004, 4.098768e+002
1.778301e+004, 4.090376e+002
1.779277e+004, 4.081220e+002
1.780254e+004, 4.066216e+002
1.781230e+004, 4.057824e+002
1.782207e+004, 4.049940e+002
1.783183e+004, 4.045617e+002
1.784160e+004, 4.033664e+002
1.785137e+004, 4.017388e+002
1.786113e+004, 4.007978e+002
1.787090e+004, 4.007978e+002
1.788066e+004, 4.005181e+002
1.789043e+004, 3.993482e+002
1.790019e+004, 3.980512e+002
1.790996e+004, 3.967288e+002
1.791972e+004, 3.956353e+002
1.792949e+004, 3.952792e+002
1.793926e+004, 3.952029e+002
1.794902e+004, 3.944145e+002
1.795879e+004, 3.929904e+002
1.796855e+004, 3.913628e+002
1.797832e+004, 3.905490e+002
1.798808e+004, 3.903455e+002
1.799785e+004, 3.903455e+002
1.800761e+004, 3.895317e+002
1.801738e+004, 3.886925e+002
1.802714e+004, 3.870903e+002
1.803691e+004, 3.861494e+002
1.804668e+004, 3.853356e+002
1.805644e+004, 3.850558e+002
1.806621e+004, 3.850304e+002
1.807597e+004, 3.846235e+002
1.808574e+004, 3.837080e+002
1.809550e+004, 3.820804e+002
1.810527e+004, 3.804527e+002
1.811503e+004, 3.789523e+002
1.812480e+004, 3.785200e+002
1.813457e+004, 3.781131e+002
1.814433e+004, 3.777062e+002
1.815410e+004, 3.765109e+002
1.816386e+004, 3.756971e+002
1.817363e+004, 3.752902e+002
1.818339e+004, 3.748579e+002
1.819316e+004, 3.742729e+002
1.820292e+004, 3.732557e+002
1.821269e+004, 3.724164e+002
1.822246e+004, 3.716789e+002
1.823222e+004, 3.716026e+002
1.824199e+004, 3.708651e+002
1.825175e+004, 3.700005e+002
1.826152e+004, 3.691867e+002
1.827128e+004, 3.690595e+002
1.828105e+004, 3.683729e+002
1.829081e+004, 3.675591e+002
1.830058e+004, 3.667453e+002
1.831034e+004, 3.666181e+002
1.832011e+004, 3.667453e+002
1.832988e+004, 3.667961e+002
1.833964e+004, 3.663384e+002
1.834941e+004, 3.654991e+002
1.835917e+004, 3.647108e+002
1.836894e+004, 3.649905e+002
1.837870e+004, 3.651177e+002
1.838847e+004, 3.653974e+002
1.839823e+004, 3.650922e+002
1.840800e+004, 3.647108e+002
1.841777e+004, 3.647108e+002
1.842753e+004, 3.647108e+002
1.843730e+004, 3.650922e+002
1.844706e+004, 3.650922e+002
1.845683e+004, 3.651177e+002
1.846659e+004, 3.651177e+002
1.847636e+004, 3.650922e+002
1.848612e+004, 3.653211e+002
1.849589e+004, 3.659060e+002
1.850566e+004, 3.667961e+002
1.851542e+004, 3.675591e+002
1.852519e+004, 3.675336e+002
1.853495e+004, 3.671267e+002
1.854472e+004, 3.669487e+002
1.855448e+004, 3.675336e+002
1.856425e+004, 3.687543e+002
1.857401e+004, 3.698733e+002
1.858378e+004, 3.702039e+002
1.859354e+004, 3.703819e+002
1.860331e+004, 3.700005e+002
1.861308e+004, 3.695936e+002
1.862284e+004, 3.695936e+002
1.863261e+004, 3.700005e+002
1.864237e+004, 3.707888e+002
1.865214e+004, 3.715009e+002
1.866190e+004, 3.716026e+002
1.867167e+004, 3.715009e+002
1.868143e+004, 3.708651e+002
1.869120e+004, 3.715009e+002
1.870097e+004, 3.720095e+002
1.871073e+004, 3.724419e+002
1.872050e+004, 3.724927e+002
1.873026e+004, 3.726453e+002
1.874003e+004, 3.728233e+002
1.874979e+004, 3.726453e+002
1.875956e+004, 3.726453e+002
1.876932e+004, 3.732557e+002
1.877909e+004, 3.740441e+002
1.878886e+004, 3.740695e+002
1.879862e+004, 3.740441e+002
1.880839e+004, 3.740441e+002
1.881815e+004, 3.740441e+002
1.882792e+004, 3.742729e+002
1.883768e+004, 3.748579e+002
1.884745e+004, 3.748833e+002
1.885721e+004, 3.748579e+002
1.886698e+004, 3.749341e+002
1.887674e+004, 3.752648e+002
1.888651e+004, 3.756717e+002
1.889628e+004, 3.756717e+002
1.890604e+004, 3.756717e+002
1.891581e+004, 3.756971e+002
1.892557e+004, 3.761040e+002
1.893534e+004, 3.763837e+002
1.894510e+004, 3.765109e+002
1.895487e+004, 3.768924e+002
1.896463e+004, 3.765109e+002
1.897440e+004, 3.765109e+002
1.898417e+004, 3.768924e+002
1.899393e+004, 3.771975e+002
1.900370e+004, 3.773247e+002
1.901346e+004, 3.773247e+002
1.902323e+004, 3.773247e+002
1.903299e+004, 3.773247e+002
1.904276e+004, 3.772993e+002
1.905252e+004, 3.772993e+002
1.906229e+004, 3.773247e+002
1.907206e+004, 3.777316e+002
1.908182e+004, 3.781131e+002
1.909159e+004, 3.780113e+002
1.910135e+004, 3.781131e+002
1.911112e+004, 3.781385e+002
1.912088e+004, 3.785200e+002
1.913065e+004, 3.789523e+002
1.914041e+004, 3.799696e+002
1.915018e+004, 3.805545e+002
1.915994e+004, 3.805799e+002
1.916971e+004, 3.805799e+002
1.917948e+004, 3.812665e+002
1.918924e+004, 3.818006e+002
1.919901e+004, 3.834282e+002
1.920877e+004, 3.845218e+002
1.921854e+004, 3.846489e+002
1.922830e+004, 3.846235e+002
1.923807e+004, 3.845218e+002
1.924783e+004, 3.837080e+002
1.925760e+004, 3.812665e+002
1.926737e+004, 3.822075e+002
1.927713e+004, 3.834282e+002
1.928690e+004, 3.845218e+002
1.929666e+004, 3.850558e+002
1.930643e+004, 3.854373e+002
1.931619e+004, 3.854373e+002
1.932596e+004, 3.862511e+002
1.933572e+004, 3.879041e+002
1.934549e+004, 3.897352e+002
1.935526e+004, 3.905490e+002
1.936502e+004, 3.907524e+002
1.937479e+004, 3.907524e+002
1.938455e+004, 3.911593e+002
1.939432e+004, 3.919731e+002
1.940408e+004, 3.936007e+002
1.941385e+004, 3.956353e+002
1.942361e+004, 3.968560e+002
1.943338e+004, 3.968560e+002
1.944314e+004, 3.968560e+002
1.945291e+004, 3.975426e+002
1.946268e+004, 3.992719e+002
1.947244e+004, 4.009758e+002
1.948221e+004, 4.024254e+002
1.949197e+004, 4.029340e+002
1.950174e+004, 4.029595e+002
1.951150e+004, 4.029595e+002
1.952127e+004, 4.032392e+002
1.953103e+004, 4.041547e+002
1.954080e+004, 4.061893e+002
1.955057e+004, 4.083001e+002
1.956033e+004, 4.100802e+002
1.957010e+004, 4.105634e+002
1.957986e+004, 4.098514e+002
1.958963e+004, 4.098514e+002
1.959939e+004, 4.110975e+002
1.960916e+004, 4.135389e+002
1.961892e+004, 4.156243e+002
1.962869e+004, 4.170739e+002
1.963846e+004, 4.171247e+002
1.964822e+004, 4.171247e+002
1.965799e+004, 4.171756e+002
1.966775e+004, 4.183963e+002
1.967752e+004, 4.204562e+002
1.968728e+004, 4.235843e+002
1.969705e+004, 4.252119e+002
1.970681e+004, 4.252119e+002
1.971658e+004, 4.244998e+002
1.972634e+004, 4.245252e+002
1.973611e+004, 4.253390e+002
1.974588e+004, 4.276533e+002
1.975564e+004, 4.300947e+002
1.976541e+004, 4.318495e+002
1.977517e+004, 4.325361e+002
1.978494e+004, 4.322309e+002
1.979470e+004, 4.318495e+002
1.980447e+004, 4.326633e+002
1.981423e+004, 4.342654e+002
1.982400e+004, 4.359185e+002
1.983377e+004, 4.374189e+002
1.984353e+004, 4.375207e+002
1.985330e+004, 4.367831e+002
1.986306e+004, 4.367069e+002
1.987283e+004, 4.367323e+002
1.988259e+004, 4.375970e+002
1.989236e+004, 4.392246e+002
1.990212e+004, 4.406741e+002
1.991189e+004, 4.406741e+002
1.992166e+004, 4.399875e+002
1.993142e+004, 4.398603e+002
1.994119e+004, 4.399621e+002
1.995095e+004, 4.403690e+002
1.996072e+004, 4.414879e+002
1.997048e+004, 4.424798e+002
1.998025e+004, 4.407759e+002
1.999001e+004, 4.406741e+002
